*Vertices 180
3.8066624897703196
4.605170185988092
4.605170185988092
4.605170185988092
4.605170185988092
4.605170185988092
4.605170185988092
4.605170185988092
4.605170185988092
4.605170185988092
4.605170185988092
4.605170185988092
4.605170185988092
4.605170185988092
4.605170185988092
4.605170185988092
4.605170185988092
4.605170185988092
4.605170185988092
4.605170185988092
4.605170185988092
4.605170185988092
4.605170185988092
4.605170185988092
4.605170185988092
4.605170185988092
4.605170185988092
4.605170185988092
4.605170185988092
4.605170185988092
4.605170185988092
4.605170185988092
4.605170185988092
4.605170185988092
4.605170185988092
4.605170185988092
4.605170185988092
4.605170185988092
4.605170185988092
4.605170185988092
4.605170185988092
4.605170185988092
4.605170185988092
4.605170185988092
4.605170185988092
4.605170185988092
4.605170185988092
4.605170185988092
4.605170185988092
4.605170185988092
4.605170185988092
4.605170185988092
4.605170185988092
4.605170185988092
4.605170185988092
4.605170185988092
4.605170185988092
4.605170185988092
4.605170185988092
4.605170185988092
4.605170185988092
4.605170185988092
4.605170185988092
4.605170185988092
4.605170185988092
4.605170185988092
4.605170185988092
4.605170185988092
4.605170185988092
4.605170185988092
4.605170185988092
4.605170185988092
4.605170185988092
4.605170185988092
4.605170185988092
4.605170185988092
4.605170185988092
4.605170185988092
4.605170185988092
4.605170185988092
4.605170185988092
2.3978952727983707
0.6931471805599453
1.6094379124341003
2.0794415416798357
3.9318256327243257
2.70805020110221
1.3862943611198906
3.6109179126442243
3.4011973816621555
4.23410650459726
3.6635616461296463
3.7612001156935624
3.9889840465642745
1.0986122886681098
2.9444389791664403
3.8501476017100584
1.3862943611198906
3.9512437185814275
1.6094379124341003
3.6109179126442243
4.110873864173311
3.7376696182833684
3.828641396489095
4.23410650459726
3.9512437185814275
3.4011973816621555
1.0986122886681098
4.04305126783455
3.970291913552122
3.9512437185814275
3.9512437185814275
4.2626798770413155
2.6390573296152584
4.174387269895637
4.276666119016055
3.871201010907891
1.0986122886681098
4.174387269895637
4.2626798770413155
4.174387269895637
3.332204510175204
4.290459441148391
1.3862943611198906
3.044522437723423
3.713572066704308
3.9512437185814275
3.258096538021482
3.295836866004329
4.248495242049359
3.9889840465642745
2.70805020110221
0.6931471805599453
3.4339872044851463
3.6109179126442243
4.127134385045092
1.0986122886681098
3.295836866004329
0.6931471805599453
2.3978952727983707
3.6635616461296463
3.713572066704308
4.143134726391533
3.8501476017100584
3.6888794541139363
3.367295829986474
3.5553480614894135
4.143134726391533
3.871201010907891
3.58351893845611
4.04305126783455
0.6931471805599453
3.871201010907891
2.70805020110221
4.1588830833596715
0.6931471805599453
1.791759469228055
2.8903717578961645
3.713572066704308
4.007333185232471
3.6375861597263857
3.912023005428146
3.258096538021482
4.04305126783455
3.2188758248682006
1.0986122886681098
4.174387269895637
4.1588830833596715
3.6375861597263857
0.6931471805599453
3.784189633918261
4.04305126783455
3.6375861597263857
4.143134726391533
4.143134726391533
3.912023005428146
3.828641396489095
2.1972245773362196
3.9512437185814275
4.204692619390966
