*Vertices 509
1.0
2.0
2.0
2.0
2.0
26.0
4.0
4.0
21.0
10.0
99.0
3.0
10.0
54.0
2.0
2.0
2.0
24.0
23.0
14.0
43.0
9.0
4.0
6.0
2.0
5.0
2.0
2.0
8.0
7.0
2.0
3.0
2.0
2.0
8.0
2.0
2.0
2.0
2.0
4.0
8.0
4.0
9.0
4.0
8.0
6.0
8.0
2.0
6.0
2.0
2.0
3.0
2.0
2.0
2.0
2.0
2.0
3.0
2.0
2.0
2.0
2.0
2.0
6.0
4.0
2.0
2.0
2.0
2.0
2.0
2.0
3.0
2.0
8.0
2.0
2.0
2.0
2.0
2.0
2.0
2.0
2.0
3.0
2.0
2.0
2.0
2.0
2.0
8.0
2.0
2.0
2.0
3.0
2.0
2.0
2.0
2.0
3.0
2.0
9.0
11.0
2.0
3.0
3.0
3.0
3.0
1.0
2.0
3.0
3.0
2.0
2.0
4.0
1.0
1.0
1.0
1.0
1.0
6.0
2.0
3.0
1.0
1.0
6.0
2.0
7.0
1.0
1.0
4.0
1.0
4.0
1.0
1.0
1.0
1.0
1.0
1.0
6.0
1.0
3.0
1.0
1.0
1.0
2.0
1.0
1.0
1.0
1.0
1.0
1.0
1.0
1.0
1.0
1.0
1.0
1.0
1.0
1.0
1.0
1.0
1.0
1.0
1.0
1.0
1.0
1.0
1.0
1.0
1.0
1.0
1.0
1.0
4.0
1.0
1.0
1.0
1.0
1.0
1.0
3.0
1.0
7.0
1.0
2.0
1.0
1.0
1.0
1.0
1.0
1.0
1.0
1.0
1.0
1.0
1.0
2.0
1.0
4.0
1.0
1.0
1.0
1.0
1.0
1.0
2.0
1.0
11.0
2.0
11.0
1.0
1.0
1.0
1.0
1.0
1.0
3.0
1.0
1.0
1.0
1.0
1.0
1.0
1.0
4.0
1.0
1.0
12.0
1.0
1.0
5.0
1.0
1.0
1.0
1.0
1.0
1.0
1.0
2.0
12.0
5.0
2.0
7.0
135.0
19.0
5.0
9.0
2.0
16.0
2.0
16.0
13.0
5.0
17.0
8.0
5.0
2.0
9.0
2.0
2.0
10.0
4.0
5.0
1.0
1.0
3.0
5.0
4.0
5.0
2.0
1.0
11.0
7.0
5.0
1.0
1.0
2.0
1.0
10.0
7.0
1.0
1.0
1.0
13.0
15.0
8.0
5.0
3.0
9.0
2.0
29.0
1.0
1.0
10.0
3.0
2.0
1.0
1.0
2.0
2.0
1.0
7.0
1.0
1.0
2.0
1.0
3.0
2.0
10.0
1.0
1.0
1.0
1.0
1.0
1.0
1.0
9.0
1.0
2.0
2.0
1.0
4.0
4.0
1.0
1.0
1.0
1.0
6.0
1.0
1.0
1.0
2.0
2.0
2.0
2.0
2.0
3.0
4.0
1.0
7.0
8.0
4.0
1.0
1.0
1.0
1.0
2.0
1.0
1.0
1.0
1.0
1.0
3.0
1.0
1.0
3.0
1.0
1.0
1.0
1.0
1.0
1.0
1.0
2.0
1.0
2.0
2.0
1.0
2.0
1.0
1.0
2.0
1.0
2.0
1.0
3.0
1.0
1.0
1.0
1.0
1.0
1.0
1.0
1.0
1.0
1.0
1.0
1.0
1.0
1.0
2.0
2.0
1.0
1.0
1.0
1.0
1.0
1.0
1.0
2.0
1.0
1.0
1.0
1.0
1.0
1.0
2.0
2.0
1.0
1.0
2.0
1.0
1.0
1.0
1.0
1.0
1.0
2.0
2.0
2.0
1.0
1.0
1.0
1.0
1.0
1.0
1.0
2.0
1.0
1.0
1.0
1.0
4.0
1.0
1.0
1.0
1.0
1.0
1.0
2.0
2.0
3.0
2.0
1.0
1.0
1.0
3.0
1.0
1.0
1.0
2.0
1.0
1.0
1.0
1.0
1.0
1.0
1.0
1.0
1.0
1.0
1.0
1.0
1.0
1.0
1.0
1.0
1.0
2.0
1.0
1.0
1.0
1.0
1.0
2.0
1.0
1.0
1.0
1.0
1.0
1.0
1.0
1.0
1.0
1.0
1.0
1.0
1.0
1.0
1.0
2.0
1.0
1.0
1.0
1.0
1.0
1.0
2.0
1.0
1.0
1.0
1.0
2.0
1.0
2.0
1.0
1.0
1.0
1.0
1.0
