*Vertices 1217
1.0
2.0
6.0
2.0
2.0
26.0
4.0
4.0
21.0
15.0
527.0
6.0
35.0
54.0
2.0
2.0
4.0
24.0
42.0
14.0
46.0
9.0
4.0
6.0
2.0
5.0
2.0
3.0
8.0
7.0
2.0
16.0
2.0
3.0
9.0
2.0
2.0
2.0
2.0
4.0
9.0
4.0
9.0
4.0
8.0
6.0
8.0
2.0
6.0
2.0
2.0
3.0
2.0
2.0
2.0
2.0
2.0
3.0
2.0
2.0
2.0
2.0
2.0
6.0
4.0
2.0
2.0
2.0
2.0
2.0
2.0
3.0
2.0
8.0
2.0
2.0
2.0
2.0
2.0
2.0
2.0
2.0
3.0
2.0
2.0
2.0
2.0
2.0
8.0
3.0
2.0
4.0
3.0
2.0
2.0
2.0
2.0
3.0
2.0
9.0
11.0
2.0
3.0
3.0
3.0
9.0
1.0
2.0
3.0
3.0
2.0
2.0
5.0
1.0
1.0
1.0
1.0
2.0
6.0
2.0
3.0
1.0
1.0
6.0
4.0
19.0
1.0
1.0
9.0
1.0
7.0
1.0
1.0
4.0
1.0
1.0
1.0
6.0
1.0
3.0
1.0
1.0
1.0
2.0
1.0
1.0
1.0
1.0
1.0
1.0
1.0
1.0
1.0
1.0
1.0
2.0
1.0
1.0
1.0
1.0
1.0
1.0
1.0
1.0
1.0
1.0
1.0
1.0
1.0
1.0
1.0
1.0
4.0
1.0
1.0
1.0
1.0
1.0
1.0
3.0
1.0
7.0
1.0
2.0
1.0
1.0
1.0
1.0
1.0
1.0
1.0
1.0
1.0
1.0
2.0
2.0
1.0
4.0
1.0
1.0
1.0
1.0
1.0
1.0
2.0
1.0
11.0
2.0
11.0
1.0
1.0
1.0
1.0
1.0
1.0
3.0
1.0
1.0
1.0
1.0
1.0
1.0
1.0
4.0
1.0
1.0
12.0
1.0
1.0
5.0
1.0
1.0
1.0
1.0
1.0
1.0
1.0
2.0
90.0
142.0
12.0
35.0
2.0
20.0
2.0
9.0
5.0
44.0
4.0
2.0
35.0
7.0
2.0
11.0
7.0
1.0
1.0
14.0
14.0
4.0
5.0
5.0
1.0
7.0
21.0
1.0
11.0
4.0
4.0
1.0
1.0
3.0
7.0
4.0
6.0
5.0
3.0
17.0
8.0
1.0
1.0
2.0
1.0
9.0
1.0
1.0
1.0
67.0
19.0
13.0
50.0
6.0
9.0
14.0
37.0
1.0
2.0
18.0
3.0
2.0
1.0
1.0
3.0
6.0
1.0
7.0
1.0
11.0
2.0
1.0
3.0
5.0
18.0
3.0
1.0
1.0
1.0
1.0
1.0
1.0
11.0
7.0
7.0
4.0
1.0
6.0
4.0
2.0
2.0
1.0
1.0
8.0
2.0
1.0
1.0
2.0
6.0
2.0
8.0
6.0
4.0
1.0
9.0
11.0
4.0
1.0
1.0
2.0
1.0
8.0
1.0
1.0
5.0
1.0
1.0
3.0
7.0
3.0
6.0
1.0
10.0
1.0
1.0
2.0
2.0
1.0
2.0
2.0
9.0
2.0
1.0
1.0
2.0
1.0
43.0
2.0
3.0
1.0
1.0
1.0
1.0
1.0
1.0
1.0
1.0
1.0
8.0
1.0
3.0
1.0
1.0
2.0
2.0
1.0
1.0
1.0
1.0
1.0
1.0
1.0
4.0
1.0
1.0
1.0
1.0
1.0
13.0
2.0
2.0
5.0
1.0
3.0
1.0
1.0
1.0
1.0
8.0
1.0
3.0
6.0
2.0
1.0
1.0
1.0
1.0
1.0
1.0
8.0
2.0
3.0
1.0
1.0
1.0
4.0
1.0
1.0
1.0
1.0
1.0
1.0
2.0
2.0
3.0
2.0
1.0
1.0
1.0
3.0
1.0
2.0
1.0
2.0
1.0
1.0
1.0
1.0
1.0
1.0
1.0
1.0
1.0
1.0
1.0
1.0
1.0
1.0
1.0
1.0
1.0
2.0
1.0
1.0
1.0
1.0
1.0
2.0
2.0
1.0
1.0
1.0
1.0
1.0
1.0
1.0
1.0
1.0
1.0
1.0
1.0
1.0
1.0
2.0
1.0
1.0
6.0
2.0
2.0
1.0
2.0
2.0
2.0
2.0
8.0
2.0
6.0
2.0
2.0
33.0
2.0
3.0
2.0
2.0
2.0
2.0
3.0
2.0
2.0
2.0
2.0
6.0
3.0
2.0
2.0
2.0
1.0
4.0
1.0
1.0
3.0
2.0
1.0
1.0
1.0
2.0
1.0
1.0
1.0
2.0
2.0
1.0
1.0
1.0
1.0
1.0
1.0
1.0
1.0
1.0
1.0
1.0
1.0
1.0
2.0
1.0
1.0
5.0
6.0
8.0
1.0
1.0
9.0
1.0
1.0
9.0
9.0
8.0
1.0
1.0
1.0
1.0
1.0
1.0
2.0
1.0
1.0
2.0
4.0
3.0
3.0
1.0
1.0
1.0
1.0
2.0
1.0
2.0
3.0
1.0
1.0
1.0
1.0
2.0
1.0
2.0
6.0
2.0
1.0
1.0
1.0
1.0
3.0
1.0
1.0
2.0
1.0
1.0
1.0
1.0
1.0
1.0
1.0
1.0
1.0
1.0
1.0
1.0
3.0
1.0
5.0
1.0
1.0
1.0
1.0
2.0
1.0
1.0
1.0
2.0
4.0
1.0
1.0
1.0
1.0
1.0
6.0
1.0
3.0
1.0
1.0
1.0
2.0
2.0
1.0
1.0
1.0
1.0
1.0
1.0
1.0
1.0
1.0
1.0
1.0
8.0
2.0
5.0
1.0
1.0
1.0
1.0
3.0
1.0
1.0
1.0
32.0
1.0
1.0
1.0
3.0
1.0
1.0
1.0
1.0
1.0
1.0
1.0
1.0
1.0
1.0
1.0
1.0
2.0
4.0
1.0
1.0
2.0
1.0
2.0
7.0
1.0
1.0
1.0
1.0
1.0
1.0
1.0
1.0
1.0
2.0
2.0
3.0
1.0
1.0
1.0
1.0
1.0
1.0
1.0
1.0
1.0
1.0
5.0
1.0
1.0
1.0
1.0
1.0
1.0
1.0
1.0
1.0
2.0
2.0
1.0
3.0
1.0
1.0
2.0
1.0
1.0
1.0
2.0
2.0
1.0
2.0
1.0
1.0
1.0
1.0
1.0
1.0
10.0
1.0
1.0
1.0
1.0
1.0
1.0
1.0
1.0
1.0
1.0
1.0
1.0
1.0
1.0
2.0
1.0
1.0
1.0
1.0
1.0
1.0
1.0
1.0
1.0
1.0
21.0
1.0
2.0
1.0
1.0
5.0
1.0
1.0
1.0
1.0
1.0
1.0
1.0
1.0
1.0
1.0
1.0
1.0
1.0
1.0
1.0
1.0
1.0
1.0
5.0
1.0
3.0
3.0
2.0
1.0
2.0
1.0
2.0
1.0
2.0
2.0
1.0
1.0
1.0
2.0
1.0
1.0
1.0
2.0
1.0
2.0
1.0
2.0
4.0
1.0
1.0
2.0
2.0
1.0
2.0
1.0
1.0
1.0
4.0
1.0
1.0
1.0
3.0
1.0
1.0
1.0
1.0
1.0
5.0
1.0
1.0
1.0
1.0
1.0
11.0
1.0
2.0
1.0
1.0
1.0
1.0
1.0
1.0
1.0
1.0
2.0
2.0
5.0
1.0
1.0
1.0
1.0
1.0
1.0
1.0
1.0
1.0
1.0
1.0
1.0
1.0
1.0
2.0
2.0
1.0
1.0
1.0
1.0
1.0
1.0
7.0
1.0
2.0
1.0
1.0
3.0
1.0
1.0
2.0
2.0
2.0
2.0
2.0
16.0
1.0
2.0
1.0
3.0
3.0
1.0
2.0
1.0
1.0
3.0
1.0
2.0
2.0
1.0
3.0
1.0
1.0
1.0
1.0
1.0
37.0
2.0
1.0
1.0
1.0
1.0
1.0
1.0
1.0
1.0
1.0
1.0
1.0
1.0
1.0
2.0
1.0
2.0
1.0
1.0
5.0
3.0
1.0
2.0
2.0
1.0
1.0
1.0
1.0
1.0
1.0
1.0
1.0
1.0
1.0
1.0
4.0
1.0
1.0
1.0
2.0
1.0
1.0
2.0
1.0
1.0
1.0
1.0
1.0
1.0
1.0
1.0
1.0
6.0
1.0
1.0
1.0
1.0
1.0
4.0
1.0
1.0
1.0
1.0
1.0
1.0
1.0
1.0
1.0
1.0
1.0
1.0
1.0
1.0
1.0
1.0
1.0
3.0
1.0
1.0
1.0
1.0
1.0
1.0
1.0
1.0
1.0
1.0
1.0
1.0
1.0
1.0
2.0
1.0
1.0
1.0
3.0
2.0
1.0
1.0
5.0
1.0
1.0
14.0
13.0
8.0
1.0
1.0
1.0
1.0
4.0
5.0
1.0
1.0
2.0
2.0
1.0
1.0
2.0
1.0
1.0
1.0
3.0
3.0
2.0
1.0
11.0
5.0
1.0
3.0
1.0
2.0
1.0
1.0
1.0
2.0
1.0
4.0
1.0
1.0
1.0
1.0
1.0
2.0
1.0
1.0
1.0
1.0
1.0
3.0
1.0
1.0
1.0
2.0
1.0
1.0
1.0
4.0
1.0
1.0
3.0
1.0
1.0
1.0
10.0
3.0
1.0
1.0
2.0
1.0
1.0
2.0
2.0
1.0
1.0
1.0
1.0
1.0
2.0
1.0
1.0
2.0
1.0
1.0
1.0
1.0
1.0
2.0
1.0
1.0
1.0
1.0
1.0
1.0
2.0
1.0
1.0
1.0
1.0
1.0
1.0
1.0
1.0
1.0
1.0
3.0
1.0
1.0
2.0
2.0
3.0
1.0
1.0
1.0
1.0
1.0
1.0
1.0
1.0
1.0
1.0
1.0
1.0
1.0
1.0
1.0
1.0
1.0
1.0
1.0
2.0
1.0
2.0
1.0
1.0
1.0
1.0
1.0
1.0
1.0
2.0
1.0
1.0
3.0
5.0
6.0
6.0
1.0
1.0
1.0
2.0
1.0
1.0
1.0
1.0
1.0
2.0
1.0
1.0
1.0
1.0
2.0
3.0
1.0
1.0
1.0
1.0
2.0
1.0
1.0
2.0
1.0
1.0
1.0
1.0
2.0
1.0
2.0
2.0
1.0
1.0
1.0
1.0
1.0
1.0
1.0
1.0
1.0
2.0
1.0
1.0
1.0
1.0
1.0
1.0
1.0
1.0
1.0
1.0
1.0
1.0
1.0
4.0
1.0
1.0
1.0
