*Vertices 578
1.0
2.0
2.0
3.0
1.0
2.0
2.0
2.0
2.0
2.0
2.0
2.0
4.0
2.0
8.0
7.0
4.0
2.0
2.0
2.0
2.0
2.0
2.0
2.0
9.0
2.0
4.0
4.0
4.0
2.0
2.0
2.0
2.0
5.0
2.0
2.0
2.0
2.0
4.0
4.0
2.0
2.0
2.0
2.0
2.0
2.0
2.0
2.0
4.0
2.0
2.0
2.0
2.0
1.0
1.0
1.0
1.0
1.0
2.0
4.0
2.0
3.0
2.0
1.0
1.0
1.0
5.0
1.0
3.0
1.0
1.0
2.0
1.0
1.0
1.0
1.0
1.0
2.0
1.0
1.0
1.0
1.0
1.0
1.0
1.0
1.0
1.0
2.0
1.0
1.0
1.0
1.0
1.0
1.0
8.0
1.0
5.0
1.0
5.0
4.0
1.0
1.0
3.0
1.0
1.0
1.0
1.0
1.0
1.0
7.0
1.0
1.0
3.0
1.0
1.0
1.0
1.0
2.0
1.0
1.0
1.0
1.0
1.0
2.0
2.0
1.0
4.0
1.0
1.0
1.0
1.0
1.0
1.0
1.0
41.0
1.0
1.0
1.0
1.0
3.0
1.0
1.0
2.0
1.0
1.0
6.0
1.0
1.0
1.0
1.0
2.0
2.0
1.0
1.0
1.0
1.0
2.0
1.0
1.0
1.0
1.0
1.0
1.0
1.0
1.0
2.0
1.0
1.0
2.0
1.0
2.0
2.0
1.0
1.0
1.0
1.0
4.0
4.0
10.0
2.0
77.0
9.0
2.0
194.0
2.0
6.0
4.0
52.0
59.0
30.0
98.0
99.0
2.0
4.0
4.0
11.0
6.0
2.0
11.0
56.0
2.0
17.0
3.0
38.0
49.0
8.0
23.0
21.0
2.0
3.0
10.0
27.0
8.0
10.0
6.0
23.0
90.0
2.0
9.0
2.0
4.0
4.0
2.0
3.0
1.0
1.0
11.0
4.0
1.0
4.0
1.0
3.0
1.0
6.0
2.0
36.0
3.0
1.0
2.0
1.0
3.0
6.0
10.0
11.0
4.0
1.0
8.0
1.0
1.0
1.0
4.0
4.0
1.0
12.0
3.0
6.0
6.0
2.0
4.0
1.0
5.0
10.0
2.0
1.0
1.0
1.0
1.0
3.0
1.0
1.0
8.0
6.0
4.0
6.0
1.0
1.0
3.0
1.0
2.0
49.0
1.0
1.0
1.0
4.0
2.0
3.0
1.0
5.0
1.0
3.0
1.0
1.0
3.0
4.0
4.0
40.0
2.0
4.0
2.0
5.0
7.0
1.0
1.0
26.0
3.0
4.0
1.0
1.0
3.0
1.0
1.0
1.0
3.0
1.0
1.0
1.0
1.0
1.0
1.0
1.0
7.0
22.0
2.0
1.0
3.0
2.0
1.0
1.0
1.0
1.0
1.0
5.0
1.0
1.0
10.0
1.0
1.0
1.0
7.0
1.0
1.0
1.0
3.0
2.0
8.0
1.0
1.0
1.0
2.0
1.0
1.0
1.0
1.0
1.0
1.0
2.0
2.0
1.0
2.0
3.0
2.0
2.0
4.0
2.0
2.0
2.0
20.0
2.0
25.0
2.0
2.0
2.0
2.0
2.0
2.0
2.0
2.0
2.0
1.0
1.0
1.0
1.0
1.0
6.0
2.0
1.0
1.0
1.0
1.0
1.0
1.0
1.0
1.0
1.0
2.0
1.0
1.0
41.0
3.0
1.0
2.0
1.0
1.0
3.0
1.0
1.0
1.0
1.0
1.0
4.0
2.0
1.0
1.0
1.0
2.0
1.0
1.0
1.0
3.0
1.0
1.0
1.0
1.0
1.0
1.0
1.0
1.0
2.0
1.0
1.0
1.0
1.0
2.0
1.0
1.0
1.0
1.0
1.0
1.0
2.0
1.0
3.0
1.0
2.0
1.0
1.0
1.0
1.0
1.0
1.0
1.0
1.0
1.0
1.0
1.0
1.0
1.0
1.0
1.0
1.0
2.0
2.0
2.0
1.0
1.0
1.0
2.0
1.0
1.0
1.0
3.0
1.0
1.0
1.0
1.0
22.0
42.0
5.0
96.0
1.0
4.0
2.0
1.0
5.0
3.0
1.0
1.0
1.0
1.0
1.0
4.0
1.0
1.0
3.0
7.0
1.0
2.0
1.0
4.0
1.0
1.0
1.0
6.0
2.0
1.0
1.0
1.0
1.0
1.0
2.0
25.0
15.0
1.0
1.0
1.0
1.0
4.0
1.0
1.0
1.0
4.0
2.0
1.0
3.0
1.0
1.0
1.0
1.0
1.0
1.0
16.0
11.0
1.0
1.0
1.0
1.0
1.0
1.0
1.0
1.0
2.0
1.0
1.0
2.0
1.0
1.0
1.0
1.0
1.0
6.0
1.0
1.0
1.0
1.0
1.0
6.0
7.0
1.0
3.0
1.0
1.0
1.0
1.0
1.0
2.0
1.0
1.0
1.0
3.0
2.0
1.0
1.0
1.0
1.0
5.0
1.0
1.0
1.0
