*Vertices 354
1.0
2.0
2.0
3.0
1.0
2.0
2.0
2.0
2.0
2.0
2.0
2.0
3.0
2.0
8.0
7.0
4.0
2.0
2.0
2.0
2.0
2.0
2.0
2.0
9.0
2.0
4.0
4.0
4.0
2.0
2.0
2.0
2.0
5.0
2.0
2.0
2.0
2.0
2.0
4.0
2.0
2.0
2.0
2.0
2.0
2.0
2.0
2.0
4.0
2.0
2.0
2.0
2.0
1.0
1.0
1.0
1.0
1.0
2.0
4.0
2.0
3.0
2.0
1.0
1.0
1.0
5.0
1.0
3.0
1.0
1.0
2.0
1.0
1.0
1.0
1.0
1.0
2.0
1.0
1.0
1.0
1.0
1.0
1.0
1.0
1.0
1.0
2.0
1.0
1.0
1.0
1.0
1.0
1.0
8.0
1.0
5.0
1.0
5.0
4.0
1.0
1.0
3.0
1.0
1.0
1.0
1.0
1.0
1.0
7.0
1.0
1.0
3.0
1.0
1.0
1.0
1.0
2.0
1.0
1.0
1.0
1.0
1.0
2.0
2.0
1.0
4.0
1.0
1.0
1.0
1.0
1.0
1.0
1.0
1.0
1.0
1.0
1.0
1.0
3.0
1.0
1.0
2.0
1.0
1.0
6.0
1.0
1.0
1.0
1.0
2.0
2.0
1.0
1.0
1.0
1.0
2.0
1.0
1.0
1.0
1.0
1.0
1.0
1.0
1.0
2.0
1.0
1.0
2.0
1.0
2.0
2.0
1.0
1.0
1.0
1.0
2.0
10.0
43.0
37.0
25.0
95.0
12.0
4.0
25.0
75.0
84.0
142.0
2.0
53.0
10.0
2.0
4.0
2.0
2.0
4.0
2.0
2.0
25.0
13.0
58.0
9.0
6.0
2.0
9.0
8.0
26.0
17.0
8.0
5.0
2.0
3.0
33.0
2.0
5.0
7.0
2.0
3.0
41.0
4.0
2.0
1.0
29.0
1.0
3.0
6.0
10.0
9.0
4.0
1.0
8.0
1.0
1.0
1.0
5.0
4.0
1.0
11.0
3.0
4.0
9.0
6.0
2.0
4.0
1.0
3.0
9.0
2.0
1.0
1.0
1.0
1.0
3.0
9.0
1.0
1.0
1.0
8.0
6.0
4.0
4.0
1.0
1.0
4.0
1.0
2.0
49.0
1.0
1.0
1.0
4.0
2.0
3.0
1.0
5.0
1.0
1.0
1.0
1.0
1.0
1.0
4.0
40.0
2.0
3.0
2.0
2.0
7.0
1.0
1.0
22.0
3.0
4.0
1.0
1.0
3.0
1.0
1.0
1.0
1.0
1.0
1.0
1.0
1.0
1.0
1.0
1.0
7.0
25.0
2.0
1.0
3.0
1.0
1.0
1.0
1.0
1.0
1.0
5.0
1.0
1.0
12.0
1.0
1.0
1.0
1.0
1.0
1.0
1.0
1.0
3.0
2.0
3.0
1.0
1.0
1.0
1.0
1.0
1.0
1.0
1.0
1.0
2.0
2.0
6.0
5.0
1.0
1.0
1.0
1.0
1.0
1.0
1.0
1.0
