*Vertices 104
0.6931471805599453
4.605170185988092
4.605170185988092
4.605170185988092
4.605170185988092
0.6931471805599453
0.6931471805599453
0.6931471805599453
0.6931471805599453
1.0986122886681098
0.6931471805599453
0.6931471805599453
1.0986122886681098
1.0986122886681098
1.0986122886681098
0.6931471805599453
1.0986122886681098
1.3862943611198906
1.0986122886681098
1.0986122886681098
1.3862943611198906
1.0986122886681098
0.6931471805599453
0.6931471805599453
0.6931471805599453
0.6931471805599453
1.0986122886681098
1.0986122886681098
0.6931471805599453
1.0986122886681098
0.6931471805599453
1.0986122886681098
1.3862943611198906
0.6931471805599453
0.6931471805599453
1.0986122886681098
1.0986122886681098
0.6931471805599453
1.0986122886681098
1.0986122886681098
0.6931471805599453
1.0986122886681098
1.0986122886681098
1.0986122886681098
1.0986122886681098
1.0986122886681098
0.6931471805599453
0.6931471805599453
1.0986122886681098
1.0986122886681098
1.0986122886681098
1.3862943611198906
0.6931471805599453
0.6931471805599453
0.6931471805599453
1.0986122886681098
0.6931471805599453
1.0986122886681098
1.0986122886681098
1.0986122886681098
1.0986122886681098
1.0986122886681098
1.0986122886681098
1.3862943611198906
0.6931471805599453
1.0986122886681098
1.0986122886681098
1.0986122886681098
0.6931471805599453
0.6931471805599453
0.6931471805599453
0.6931471805599453
0.6931471805599453
0.6931471805599453
1.0986122886681098
1.3862943611198906
0.6931471805599453
1.0986122886681098
1.0986122886681098
1.0986122886681098
1.0986122886681098
1.0986122886681098
1.3862943611198906
1.0986122886681098
1.0986122886681098
1.0986122886681098
0.6931471805599453
1.3862943611198906
1.3862943611198906
1.0986122886681098
0.6931471805599453
1.3862943611198906
1.0986122886681098
0.6931471805599453
1.0986122886681098
1.0986122886681098
1.0986122886681098
1.0986122886681098
1.0986122886681098
1.3862943611198906
0.6931471805599453
1.0986122886681098
0.6931471805599453
1.0986122886681098
